    11     7     1    11     5    12     4     5     3     7
     9     9     3    12     2     1    11     1     4     0
     9     0    10    11    11    11    10    11     2     8
    11     1     3     0    12    10    12     5     2     4
    12     0     0     4     2     4     5     0     5    11
     1     1    12     0     1    10    12     1     8     1
     9     8     4     1     8     3     1     9     8     5
     0     9     6     0     0     8     6     8    10    11
     6     0     2     7     1     5     6     0     6     3
     3     5    12     8     6     7     0     9     4    11
    11     7     1    11     5    12     4     5     3     7
     9     9     3    12     2     1    11     1     4     0
     9     0    10    11    11    11    10    11     2     8
    11     1     3     0    12    10    12     5     2     4
    12     0     0     4     2     4     5     0     5    11
     1     1    12     0     1    10    12     1     8     1
     9     8     4     1     8     3     1     9     8     5
     0     9     6     0     0     8     6     8    10    11
     6     0     2     7     1     5     6     0     6     3
     3     5    12     8     6     7     0     9     4    11
