     2     6     7    10     7     8     5     2     3     4
     1    11     5     3     6     8    10    12     8     4
     3     0     9     2     8     4    11     9     1     4
     7     5    11     1     2     7    11     9     9     1
     0    10     2     7     2     8     2     0     9    12
     6     1     0     2     3     8     8     4     6     9
     8     0     3     6     4     5     0     2     1    12
     6     4    11    10    11     1     5     3     3     3
     2    11     5     2     0    10     0    10     1     6
     9    12     9    12     5     2     5     8     4     8
     2     6     7    10     7     8     5     2     3     4
     1    11     5     3     6     8    10    12     8     4
     3     0     9     2     8     4    11     9     1     4
     7     5    11     1     2     7    11     9     9     1
     0    10     2     7     2     8     2     0     9    12
     6     1     0     2     3     8     8     4     6     9
     8     0     3     6     4     5     0     2     1    12
     6     4    11    10    11     1     5     3     3     3
     2    11     5     2     0    10     0    10     1     6
     9    12     9    12     5     2     5     8     4     8
